Campaign pairs, virtual camera, resolved fraction at 9 px (T = oaks 42/4/39)
rep  h      T_on  T_off  Cp_on Cp_off   DiD_Cp   DiD_C
  1  300    0.61  0.39   0.44  0.36   +0.14    +0.19
  2  300    0.61  0.39   0.36  0.36   +0.22    +0.24
  3  300    0.61  0.22   0.47  0.36   +0.28    +0.52
  4  300    0.56  0.39   0.50  0.36   +0.03    +0.08
  5  300    0.56  0.28   0.42  0.31   +0.17    +0.32
     300    mean DiD_Cp +0.167 (5/5 > 0, sign-flip p 0.031)   mean DiD_C +0.270 (p 0.031)

  1  600    0.83  0.50   0.75  0.42   +0.00    +0.22
  2  600    0.89  0.67   0.69  0.67   +0.19    +0.18
  3  600    0.78  0.39   0.61  0.64   +0.42    +0.54
  4  600    0.89  0.44   0.72  0.50   +0.22    +0.43
  5  600    0.89  0.44   0.72  0.67   +0.39    +0.54
     600    mean DiD_Cp +0.244 (4/5 > 0, sign-flip p 0.062)   mean DiD_C +0.381 (p 0.031)

  1  900    1.00  0.61   0.89  0.58   +0.08    +0.29
  2  900    0.94  0.89   0.75  0.69   +0.00    +0.02
  3  900    1.00  0.61   0.69  0.67   +0.36    +0.43
  4  900    0.94  0.56   0.86  0.69   +0.22    +0.39
  5  900    1.00  0.56   0.75  0.72   +0.42    +0.53
     900    mean DiD_Cp +0.217 (4/5 > 0, sign-flip p 0.062)   mean DiD_C +0.333 (p 0.031)

  1  1200   1.00  0.67   0.89  0.72   +0.17    +0.27
  2  1200   1.00  0.89   0.78  0.75   +0.08    +0.15
  3  1200   1.00  0.72   0.75  0.69   +0.22    +0.29
  4  1200   0.94  0.61   0.86  0.75   +0.22    +0.43
  5  1200   1.00  0.56   0.75  0.83   +0.53    +0.52
     1200   mean DiD_Cp +0.244 (5/5 > 0, sign-flip p 0.031)   mean DiD_C +0.332 (p 0.031)

  1  1800   1.00  0.72   0.94  0.83   +0.17    +0.21
  2  1800   1.00  0.89   0.86  0.75   +0.00    +0.07
  3  1800   1.00  0.78   0.83  0.75   +0.14    +0.22
  4  1800   1.00  0.72   0.94  0.81   +0.14    +0.35
  5  1800   1.00  0.61   0.83  0.86   +0.42    +0.37
     1800   mean DiD_Cp +0.172 (4/5 > 0, sign-flip p 0.062)   mean DiD_C +0.245 (p 0.031)

  1  2400   1.00  0.72   0.94  0.83   +0.17    +0.18
  2  2400   1.00  0.89   0.89  0.81   +0.03    +0.07
  3  2400   1.00  0.78   0.86  0.81   +0.17    +0.24
  4  2400   1.00  0.72   0.94  0.81   +0.14    +0.26
  5  2400   1.00  0.89   0.92  0.92   +0.11    +0.06
     2400   mean DiD_Cp +0.122 (5/5 > 0, sign-flip p 0.031)   mean DiD_C +0.162 (p 0.031)

  1  3000   1.00  0.78   0.94  0.89   +0.17    +0.17
  2  3000   1.00  0.89   0.89  0.89   +0.11    +0.06
  3  3000   1.00  0.94   0.92  0.83   -0.03    +0.05
  4  3000   1.00  0.78   0.94  0.81   +0.08    +0.16
  5  3000   1.00  0.89   0.94  0.92   +0.08    +0.04
     3000   mean DiD_Cp +0.083 (4/5 > 0, sign-flip p 0.062)   mean DiD_C +0.094 (p 0.031)

  1  3600   1.00  0.89   0.97  0.94   +0.08    +0.08
  2  3600   1.00  0.89   0.89  0.92   +0.14    +0.08
  3  3600   1.00  0.94   0.92  0.86   +0.00    +0.03
  4  3600   1.00  0.78   0.94  0.81   +0.08    +0.16
  5  3600   1.00  0.89   0.94  0.92   +0.08    +0.05
     3600   mean DiD_Cp +0.078 (4/5 > 0, sign-flip p 0.062)   mean DiD_C +0.080 (p 0.031)

  1  end    1.00  0.89   0.97  0.94   +0.08    +0.08
  2  end    1.00  0.89   0.89  0.92   +0.14    +0.08
  3  end    1.00  0.94   0.92  0.86   +0.00    +0.03
  4  end    1.00  0.78   0.94  0.81   +0.08    +0.16
  5  end    1.00  0.89   0.94  0.92   +0.08    +0.05
     end    mean DiD_Cp +0.078 (4/5 > 0, sign-flip p 0.062)   mean DiD_C +0.080 (p 0.031)

Pilot runs (T = oaks 42/4/39):
  pilot_fine/off         300:0.44/0.56  600:0.44/0.56  900:0.44/0.56  1200:0.44/0.56  1800:0.44/0.56  2400:0.44/0.56  end:0.44/0.56   (T/Cp)
  pilot_fine/on          300:0.67/0.50  600:0.83/0.56  900:0.94/0.58  1200:0.94/0.69  1800:0.94/0.69  2400:0.94/0.69  end:0.94/0.69   (T/Cp)
  pilot_fine/noisy_off   300:0.39/0.36  600:0.44/0.39  900:0.44/0.39  1200:0.44/0.39  1800:0.44/0.39  2400:0.44/0.39  end:0.44/0.39   (T/Cp)
  pilot_fine/noisy_on    300:0.39/0.28  600:0.72/0.53  900:0.83/0.56  1200:0.94/0.61  1800:0.94/0.61  2400:0.94/0.61  end:0.94/0.61   (T/Cp)
  pilot_fine/seq_clean   300:0.50/0.58  600:0.56/0.64  900:0.83/0.69  1200:1.00/0.75  1800:1.00/0.75  2400:1.00/0.75  end:1.00/0.75   (T/Cp)
