Campaign pairs, virtual camera, resolved fraction at 25 px (T = oaks 42/4/39)
rep  h      T_on  T_off  Cp_on Cp_off   DiD_Cp   DiD_C
  1  300    0.56  0.33   0.36  0.22   +0.08    +0.20
  2  300    0.61  0.28   0.25  0.25   +0.33    +0.36
  3  300    0.50  0.22   0.25  0.22   +0.25    +0.35
  4  300    0.50  0.28   0.36  0.25   +0.11    +0.15
  5  300    0.50  0.22   0.28  0.22   +0.22    +0.31
     300    mean DiD_Cp +0.200 (5/5 > 0, sign-flip p 0.031)   mean DiD_C +0.275 (p 0.031)

  1  600    0.83  0.33   0.58  0.22   +0.14    +0.41
  2  600    0.89  0.56   0.53  0.53   +0.33    +0.34
  3  600    0.72  0.39   0.36  0.44   +0.42    +0.46
  4  600    0.83  0.33   0.53  0.31   +0.28    +0.48
  5  600    0.83  0.39   0.44  0.42   +0.42    +0.51
     600    mean DiD_Cp +0.317 (5/5 > 0, sign-flip p 0.031)   mean DiD_C +0.439 (p 0.031)

  1  900    1.00  0.44   0.69  0.39   +0.25    +0.52
  2  900    0.94  0.72   0.58  0.67   +0.31    +0.31
  3  900    0.94  0.44   0.56  0.44   +0.39    +0.53
  4  900    0.89  0.44   0.61  0.50   +0.33    +0.51
  5  900    1.00  0.50   0.58  0.47   +0.39    +0.55
     900    mean DiD_Cp +0.333 (5/5 > 0, sign-flip p 0.031)   mean DiD_C +0.484 (p 0.031)

  1  1200   1.00  0.56   0.69  0.53   +0.28    +0.40
  2  1200   0.94  0.72   0.64  0.69   +0.28    +0.34
  3  1200   1.00  0.67   0.64  0.58   +0.28    +0.39
  4  1200   0.89  0.50   0.64  0.53   +0.28    +0.52
  5  1200   1.00  0.50   0.58  0.56   +0.47    +0.51
     1200   mean DiD_Cp +0.317 (5/5 > 0, sign-flip p 0.031)   mean DiD_C +0.430 (p 0.031)

  1  1800   1.00  0.61   0.81  0.67   +0.25    +0.32
  2  1800   0.94  0.78   0.67  0.69   +0.19    +0.20
  3  1800   1.00  0.67   0.67  0.58   +0.25    +0.36
  4  1800   0.94  0.67   0.67  0.64   +0.25    +0.40
  5  1800   1.00  0.56   0.61  0.61   +0.44    +0.41
     1800   mean DiD_Cp +0.278 (5/5 > 0, sign-flip p 0.031)   mean DiD_C +0.339 (p 0.031)

  1  2400   1.00  0.61   0.83  0.69   +0.25    +0.27
  2  2400   0.94  0.78   0.75  0.72   +0.14    +0.14
  3  2400   1.00  0.72   0.72  0.64   +0.19    +0.30
  4  2400   0.94  0.67   0.75  0.64   +0.17    +0.28
  5  2400   1.00  0.83   0.69  0.83   +0.31    +0.20
     2400   mean DiD_Cp +0.211 (5/5 > 0, sign-flip p 0.031)   mean DiD_C +0.237 (p 0.031)

  1  3000   1.00  0.72   0.83  0.72   +0.17    +0.20
  2  3000   0.94  0.83   0.78  0.75   +0.08    +0.05
  3  3000   1.00  0.94   0.75  0.67   -0.03    +0.08
  4  3000   0.94  0.72   0.78  0.67   +0.11    +0.19
  5  3000   1.00  0.83   0.75  0.86   +0.28    +0.18
     3000   mean DiD_Cp +0.122 (4/5 > 0, sign-flip p 0.062)   mean DiD_C +0.139 (p 0.031)

  1  3600   1.00  0.72   0.83  0.81   +0.25    +0.28
  2  3600   1.00  0.83   0.78  0.81   +0.19    +0.15
  3  3600   1.00  0.94   0.75  0.67   -0.03    +0.07
  4  3600   0.94  0.72   0.78  0.67   +0.11    +0.18
  5  3600   1.00  0.83   0.75  0.86   +0.28    +0.18
     3600   mean DiD_Cp +0.161 (4/5 > 0, sign-flip p 0.062)   mean DiD_C +0.169 (p 0.031)

  1  end    1.00  0.72   0.83  0.81   +0.25    +0.28
  2  end    1.00  0.83   0.78  0.81   +0.19    +0.15
  3  end    1.00  0.94   0.75  0.67   -0.03    +0.07
  4  end    0.94  0.72   0.78  0.67   +0.11    +0.18
  5  end    1.00  0.83   0.75  0.86   +0.28    +0.18
     end    mean DiD_Cp +0.161 (4/5 > 0, sign-flip p 0.062)   mean DiD_C +0.169 (p 0.031)

Pilot runs (T = oaks 42/4/39):
  pilot_fine/off         300:0.33/0.44  600:0.33/0.44  900:0.33/0.44  1200:0.33/0.44  1800:0.33/0.44  2400:0.33/0.44  end:0.33/0.44   (T/Cp)
  pilot_fine/on          300:0.67/0.36  600:0.83/0.42  900:0.89/0.44  1200:0.94/0.56  1800:0.94/0.56  2400:0.94/0.56  end:0.94/0.56   (T/Cp)
  pilot_fine/noisy_off   300:0.28/0.28  600:0.39/0.31  900:0.39/0.31  1200:0.39/0.31  1800:0.39/0.31  2400:0.39/0.31  end:0.39/0.31   (T/Cp)
  pilot_fine/noisy_on    300:0.33/0.11  600:0.67/0.36  900:0.78/0.42  1200:0.89/0.50  1800:0.89/0.50  2400:0.89/0.50  end:0.89/0.50   (T/Cp)
  pilot_fine/seq_clean   300:0.33/0.50  600:0.50/0.53  900:0.78/0.56  1200:1.00/0.61  1800:1.00/0.61  2400:1.00/0.61  end:1.00/0.61   (T/Cp)
