Campaign pairs, virtual camera, resolved fraction at 100 px (T = oaks 42/4/39)
rep  h      T_on  T_off  Cp_on Cp_off   DiD_Cp   DiD_C
  1  300    0.39  0.17   0.19  0.08   +0.11    +0.20
  2  300    0.44  0.11   0.11  0.08   +0.31    +0.38
  3  300    0.28  0.11   0.11  0.08   +0.14    +0.23
  4  300    0.39  0.11   0.17  0.11   +0.22    +0.28
  5  300    0.44  0.06   0.17  0.08   +0.31    +0.39
     300    mean DiD_Cp +0.217 (5/5 > 0, sign-flip p 0.031)   mean DiD_C +0.295 (p 0.031)

  1  600    0.67  0.17   0.28  0.11   +0.33    +0.48
  2  600    0.61  0.28   0.22  0.22   +0.33    +0.36
  3  600    0.44  0.22   0.17  0.17   +0.22    +0.31
  4  600    0.61  0.17   0.28  0.17   +0.33    +0.43
  5  600    0.67  0.17   0.31  0.17   +0.36    +0.49
     600    mean DiD_Cp +0.317 (5/5 > 0, sign-flip p 0.031)   mean DiD_C +0.415 (p 0.031)

  1  900    0.78  0.28   0.28  0.14   +0.36    +0.50
  2  900    0.67  0.33   0.22  0.33   +0.44    +0.42
  3  900    0.61  0.22   0.31  0.19   +0.28    +0.47
  4  900    0.61  0.28   0.28  0.22   +0.28    +0.34
  5  900    0.72  0.28   0.31  0.17   +0.31    +0.43
     900    mean DiD_Cp +0.333 (5/5 > 0, sign-flip p 0.031)   mean DiD_C +0.434 (p 0.031)

  1  1200   0.78  0.39   0.28  0.31   +0.42    +0.41
  2  1200   0.67  0.33   0.25  0.33   +0.42    +0.45
  3  1200   0.67  0.33   0.33  0.19   +0.19    +0.40
  4  1200   0.61  0.28   0.28  0.25   +0.31    +0.40
  5  1200   0.72  0.28   0.31  0.19   +0.33    +0.40
     1200   mean DiD_Cp +0.333 (5/5 > 0, sign-flip p 0.031)   mean DiD_C +0.411 (p 0.031)

  1  1800   0.78  0.39   0.39  0.39   +0.39    +0.41
  2  1800   0.67  0.39   0.25  0.33   +0.36    +0.35
  3  1800   0.67  0.33   0.36  0.19   +0.17    +0.38
  4  1800   0.61  0.39   0.28  0.31   +0.25    +0.32
  5  1800   0.72  0.28   0.33  0.22   +0.33    +0.34
     1800   mean DiD_Cp +0.300 (5/5 > 0, sign-flip p 0.031)   mean DiD_C +0.359 (p 0.031)

  1  2400   0.78  0.39   0.42  0.42   +0.39    +0.35
  2  2400   0.67  0.39   0.33  0.33   +0.28    +0.31
  3  2400   0.67  0.44   0.39  0.22   +0.06    +0.24
  4  2400   0.61  0.39   0.36  0.31   +0.17    +0.22
  5  2400   0.72  0.44   0.33  0.42   +0.36    +0.29
     2400   mean DiD_Cp +0.250 (5/5 > 0, sign-flip p 0.031)   mean DiD_C +0.282 (p 0.031)

  1  3000   0.78  0.39   0.42  0.47   +0.44    +0.39
  2  3000   0.67  0.44   0.36  0.36   +0.22    +0.21
  3  3000   0.67  0.50   0.42  0.31   +0.06    +0.22
  4  3000   0.61  0.39   0.39  0.31   +0.14    +0.19
  5  3000   0.72  0.44   0.36  0.44   +0.36    +0.29
     3000   mean DiD_Cp +0.244 (5/5 > 0, sign-flip p 0.031)   mean DiD_C +0.260 (p 0.031)

  1  3600   0.78  0.44   0.42  0.47   +0.39    +0.35
  2  3600   0.67  0.44   0.36  0.39   +0.25    +0.22
  3  3600   0.67  0.50   0.42  0.36   +0.11    +0.22
  4  3600   0.61  0.39   0.44  0.33   +0.11    +0.19
  5  3600   0.72  0.44   0.36  0.47   +0.39    +0.30
     3600   mean DiD_Cp +0.250 (5/5 > 0, sign-flip p 0.031)   mean DiD_C +0.257 (p 0.031)

  1  end    0.78  0.44   0.42  0.47   +0.39    +0.35
  2  end    0.67  0.44   0.36  0.39   +0.25    +0.22
  3  end    0.67  0.50   0.42  0.36   +0.11    +0.22
  4  end    0.61  0.39   0.44  0.33   +0.11    +0.19
  5  end    0.72  0.44   0.36  0.47   +0.39    +0.30
     end    mean DiD_Cp +0.250 (5/5 > 0, sign-flip p 0.031)   mean DiD_C +0.257 (p 0.031)

Pilot runs (T = oaks 42/4/39):
  pilot_fine/off         300:0.06/0.31  600:0.06/0.31  900:0.06/0.31  1200:0.06/0.31  1800:0.06/0.31  2400:0.06/0.31  end:0.06/0.31   (T/Cp)
  pilot_fine/on          300:0.39/0.06  600:0.56/0.06  900:0.61/0.08  1200:0.67/0.19  1800:0.67/0.19  2400:0.67/0.19  end:0.67/0.19   (T/Cp)
  pilot_fine/noisy_off   300:0.11/0.14  600:0.17/0.14  900:0.17/0.14  1200:0.17/0.14  1800:0.17/0.14  2400:0.17/0.14  end:0.17/0.14   (T/Cp)
  pilot_fine/noisy_on    300:0.17/0.03  600:0.44/0.06  900:0.50/0.06  1200:0.61/0.14  1800:0.61/0.14  2400:0.61/0.14  end:0.61/0.14   (T/Cp)
  pilot_fine/seq_clean   300:0.11/0.31  600:0.33/0.31  900:0.50/0.33  1200:0.72/0.36  1800:0.72/0.36  2400:0.72/0.36  end:0.72/0.36   (T/Cp)
